sample	mCG	cov_CG	mCH	cov_CH	mCA	cov_CA	mCGlevel	mCHlevel	mCAlevel
CGE_ADARB2_ADAM33-AF1	176400828	208252553	149716807	4125252227	105248326	1561628245	0.8470524152469814	0.03629276435998152	0.06739653072809272
CGE_ADARB2_ADAM33-AF2	65216846	76668721	64749442	1549094375	41604841	585962530	0.8506317198117861	0.041798255190230095	0.07100256222868039
CGE_ADARB2_ADAM33-AF3	142899089	168576760	149483119	3301672818	105630821	1246885497	0.8476796505046128	0.04527496431053091	0.08471573472796597
CGE_ADARB2_ADAM33-AM1	11897266	13964234	10444312	275192256	7420359	103563916	0.8519812830406595	0.037952783089942765	0.07165004266543958
CGE_ADARB2_ADAM33-AM2	61449188	70441296	80285543	1445196707	54567514	555618963	0.8723460738144284	0.05555336696459827	0.09821031612270584
CGE_ADARB2_ADAM33-AM3	153094590	180376189	151046541	3516125246	105530383	1323118689	0.8487516608968826	0.04295823681816595	0.07975881822042648
CGE_ADARB2_ADAM33-YF1	187695841	220561763	178323494	4457058183	121946240	1684099269	0.850989937906871	0.04000923628956809	0.07241036335845592
CGE_ADARB2_ADAM33-YF2	100154375	118376040	93235376	2325821959	65651820	879907048	0.8460696522708481	0.040087064978992226	0.07461222199461232
CGE_ADARB2_ADAM33-YM1	80911845	94371888	87083848	1855201878	60442629	699092920	0.8573723246905901	0.04694036214208705	0.08645864844404375
CGE_ADARB2_ADAM33-YM2	145793322	172001927	135714821	3385307209	95443892	1280064292	0.847626096654138	0.04008936637691129	0.0745617955258141
CGE_ADARB2_ADAM33-YM3	170580918	200297768	165581148	3984569730	116248031	1505344404	0.8516366393059358	0.04155559049533813	0.07722354478556921
CGE_LAMP5-AF1	239842947	283092618	197293174	5598102709	138993031	2117925007	0.8472243066401682	0.03524286428021662	0.06562698421361055
CGE_LAMP5-AF2	327498364	385078688	314294927	7720480921	211464469	2915548780	0.8504712782235303	0.04070924210758761	0.07252990258664099
CGE_LAMP5-AF3	325322929	384405957	294328579	7562386067	207664260	2857266684	0.8463004359737328	0.038920067871747815	0.07267934112096343
CGE_LAMP5-AM1	189035519	222869503	173087379	4418873006	123055634	1666502716	0.8481892607801077	0.039170027915484296	0.07384064413369969
CGE_LAMP5-AM2	247075890	286192381	271159318	5770746629	182107991	2206458317	0.8633209910643987	0.04698860224382934	0.08253407263437554
CGE_LAMP5-AM3	219832254	258975260	197759792	5054434267	137564414	1902162285	0.8488542650753589	0.03912599938061476	0.07232001974006125
CGE_LAMP5-YF1	222934736	262920752	206520754	5244873894	142687853	1978979791	0.8479160899402874	0.039375732986879707	0.07210172314488279
CGE_LAMP5-YF2	211075130	248679364	203422604	4899507734	143375945	1852889333	0.8487842602010194	0.0415189882420951	0.07737965913369528
CGE_LAMP5-YM1	131630076	153992666	139115067	3032624129	97203834	1143182023	0.8547814608261929	0.04587283523523004	0.08502918349337969
CGE_LAMP5-YM2	200858447	236470487	182275154	4683996256	128570670	1772114982	0.8494017564229908	0.03891445339361945	0.07255210373251052
CGE_LAMP5-YM3	287708628	338237915	267090260	6730938444	186954438	2542303316	0.8506102220976617	0.03968098389580221	0.07353742443846145
CGE_LAMP5_LHX6-AF1	103353754	121000022	98377913	2398505815	69969037	907546904	0.8541631008959651	0.04101633291224687	0.07709688247694138
CGE_LAMP5_LHX6-AF2	146296242	171130878	159372232	3424363958	110659040	1290896249	0.8548792813416174	0.046540681409659904	0.08572264431453933
CGE_LAMP5_LHX6-AF3	152886918	179562262	153522312	3526058190	109079563	1331138636	0.8514423704464137	0.043539358605990564	0.08194455487204415
CGE_LAMP5_LHX6-AM1	164809497	193627386	169233572	3847977733	121060154	1451799717	0.8511683207870192	0.043979872998916855	0.08338626367151993
CGE_LAMP5_LHX6-AM2	60077292	68971735	76773316	1387781697	52067417	530939949	0.8710422030125818	0.0553208881238041	0.09806648962479936
CGE_LAMP5_LHX6-AM3	134956874	157951168	139687092	3078067998	97732557	1157973644	0.8544215007007735	0.04538141850367271	0.08439963854652291
CGE_LAMP5_LHX6-YF1	60542450	70953409	62853979	1436403444	43194090	542522800	0.8532704890895376	0.043757886589973954	0.07961709627687537
CGE_LAMP5_LHX6-YF2	97189164	113800410	107697470	2275025369	76226090	860912699	0.8540317561246045	0.04733901936545834	0.08854102174185724
CGE_LAMP5_LHX6-YM1	42049009	48821532	53153718	958547870	37340482	361260065	0.8612799983417153	0.055452335416487857	0.10336177623175703
CGE_LAMP5_LHX6-YM2	53524887	62820131	56264392	1237786888	39866271	467217354	0.8520339920972149	0.045455637432798526	0.08532703389266658
CGE_LAMP5_LHX6-YM3	71537515	83698537	70266296	1671945157	49629107	631821987	0.8547044854559406	0.04202667516085278	0.07854919268581896
CGE_PAX6-AF1	49959661	58518968	47188648	1160110459	33645387	438994046	0.8537344848596783	0.04067599566396117	0.07664201213334908
CGE_PAX6-AF2	22811306	26637078	23802754	535885709	15744719	202531750	0.8563741863878613	0.044417594274752344	0.07773950997806517
CGE_PAX6-AF3	18684981	21825563	20377124	431055635	14530722	162990185	0.856105338496881	0.047272607861859876	0.08915090193927935
CGE_PAX6-AM1	13479127	15772399	16217614	310306909	11607985	116831037	0.8546022073116462	0.052263141843225926	0.09935703129982489
CGE_PAX6-AM2	17106205	19720634	21344089	393347715	14517090	149599364	0.8674267267472232	0.05426264901526122	0.09703978420656922
CGE_PAX6-AM3	29590812	34613841	31902842	680533044	22405277	255692549	0.8548838021183491	0.0468791960673698	0.08762585021591693
CGE_PAX6-YF1	43053795	50394587	44867088	995947520	31623179	375613103	0.8543337204053284	0.045049650808910095	0.08419083026504535
CGE_PAX6-YF2	34871873	41015640	34057684	812438622	24192344	307331278	0.8502091641139818	0.041920316289443954	0.07871748088068016
CGE_PAX6-YM1	21120975	24716533	23067116	482507282	16069065	181514994	0.8545282220609177	0.04780677278980424	0.08852747999429733
CGE_PAX6-YM2	25850465	30418596	25168346	599693416	17840222	226560462	0.8498243968919539	0.04196868821384559	0.07874375715211951
CGE_PAX6-YM3	40883126	47704266	42628405	954659066	30022302	361264697	0.8570119494134969	0.04465301437780511	0.08310333738477635
CGE_VIP-AF1	461992269	539857610	567661779	10648569401	403013441	4026053664	0.8557668919402656	0.05330873637792991	0.1001013584601837
CGE_VIP-AF2	221617440	259280518	243838624	5228122989	162804547	1971300654	0.854740038740589	0.046639802566435	0.08258737532991252
CGE_VIP-AF3	371339242	434320729	496412834	8492381521	350963358	3205322167	0.8549885308375414	0.05845390162611843	0.10949394154924584
CGE_VIP-AM1	178744426	208989498	235092574	4077113754	167128883	1533641334	0.8552794648083226	0.057661519443590194	0.10897520775871317
CGE_VIP-AM2	285772737	329150041	429685950	6530951219	296345992	2481754789	0.8682141923233119	0.06579224612028142	0.11940986003674031
CGE_VIP-AM3	349620559	407872129	461131153	7978085129	324877471	3000950853	0.8571817835584447	0.05779972832375627	0.10825817779562283
CGE_VIP-YF1	570913203	667632460	691338767	13375977628	481229623	5046593184	0.8551309847936392	0.05168510192128441	0.09535732432836418
CGE_VIP-YF2	426140710	498819594	530133862	9822297895	375164800	3712994147	0.8542982575780694	0.05397248868514388	0.10104104265909579
CGE_VIP-YM1	236136102	274164071	319258779	5380771422	223390734	2026053664	0.861294848514268	0.05933327286393694	0.11025904099645803
CGE_VIP-YM2	519707708	609753661	608517422	12044405141	429943328	4547753479	0.8523240469727987	0.05052282905434358	0.09453971724398301
CGE_VIP-YM3	722504957	842181826	912807500	16701923702	645305494	6306179779	0.857896637869267	0.05465283618142108	0.10232906713965093
L2-4IT_CUX2-AF1	1391496264	1693724284	1501625280	33705209198	1064161957	12763758092	0.8215600833884011	0.0445517270395433	0.08337371715521542
L2-4IT_CUX2-AF2	2353305721	2861349798	2533818151	57695201069	1714705437	21759372018	0.8224460087490498	0.04391731208232909	0.0788030755474719
L2-4IT_CUX2-AF3	1666144481	2041904660	1981749553	40152317103	1401498355	15164138171	0.8159756494213594	0.049355795530214436	0.0924218929685193
L2-4IT_CUX2-AM1	1060008335	1282607260	1342071672	25300174335	954867853	9529154015	0.8264481015022479	0.053045945621939525	0.10020489242769365
L2-4IT_CUX2-AM2	1128796013	1358109329	1357942445	27136147243	928781745	10336127940	0.8311525360267958	0.05004182918230195	0.08985780268892453
L2-4IT_CUX2-AM3	1554567711	1892718864	1730964068	37191082756	1209333714	13999944370	0.821341056280612	0.046542448880995416	0.08638132281378487
L2-4IT_CUX2-YF1	1098394382	1345482938	1181383939	27026928995	821821477	10211966256	0.8163569756096007	0.04371136429220489	0.08047632124882337
L2-4IT_CUX2-YF2	1378893962	1704761697	1523160521	33766356014	1072878426	12775946240	0.8088485120392753	0.045108821347748525	0.08397643554893355
L2-4IT_CUX2-YM1	944809797	1155464410	1192975616	22706847771	832444601	8556168335	0.8176883587439963	0.052538143032059524	0.09729175121471006
L2-4IT_CUX2-YM2	1703547334	2107589661	1844851324	41578257903	1300671653	15715900963	0.8082917493492108	0.04437057772607852	0.08276150734610607
L2-4IT_CUX2-YM3	1352352657	1659401021	1319167704	33226261172	923239905	12571632834	0.8149643394729477	0.03970256229466082	0.07343834465981987
L3-5IT_RORB_PLCH1-AF1	138286057	166992571	159887637	3284795359	113389547	1241815647	0.8280970594793705	0.04867506785831403	0.09130948484497554
L3-5IT_RORB_PLCH1-AF2	114656051	137017043	144799752	2765765639	98152008	1041855020	0.8368013824382416	0.052354310125985334	0.09420889290335233
L3-5IT_RORB_PLCH1-AF3	156302119	187367644	198512368	3727038397	140980126	1409369524	0.8342001621155037	0.05326276438680865	0.10003063327201618
L3-5IT_RORB_PLCH1-AM1	142465076	170494755	219556516	3357208637	156368493	1264368281	0.8355979983079245	0.06539853185776252	0.12367321717081259
L3-5IT_RORB_PLCH1-AM2	141609015	169956543	212731764	3316304801	149440016	1253174830	0.8332071981482937	0.06414722914970082	0.11924913621190429
L3-5IT_RORB_PLCH1-AM3	88485447	106226323	112339466	2097312673	78858856	789319141	0.8329898324730679	0.05356352795947655	0.09990744162125925
L3-5IT_RORB_PLCH1-YF1	160888884	193183275	217552082	3887164782	151792856	1467711123	0.8328302954797717	0.055966776352626466	0.1034214796231397
L3-5IT_RORB_PLCH1-YF2	141580982	170819763	183129402	3375513526	129779424	1275837501	0.8288325631267853	0.054252308749302876	0.10172096673618626
L3-5IT_RORB_PLCH1-YM1	62916402	74934813	101651198	1464281023	71114520	550654531	0.8396151198775929	0.06942055275136895	0.12914543692368163
L3-5IT_RORB_PLCH1-YM2	126327253	152771438	164749027	3015345640	117072554	1139231763	0.8269036061570619	0.054636863122597114	0.10276447497540499
L3-5IT_RORB_PLCH1-YM3	118647689	142805525	167551012	2843661832	118531543	1074462882	0.8308340241037593	0.058920863977049716	0.11031701977397856
L4-5IT_RORB_ARHGAP15-AF1	165859391	195744808	240683512	3880379135	171596335	1468270989	0.8473245992813255	0.062025772128578356	0.11686966253884078
L4-5IT_RORB_ARHGAP15-AF2	110235773	130318196	169487273	2603493029	119059367	980097969	0.8458970150262055	0.06509995268360674	0.12147700614202579
L4-5IT_RORB_ARHGAP15-AF3	138884322	164259346	217924327	3237988426	154800127	1222394596	0.8455185374961861	0.06730237985106374	0.12663678938580647
L4-5IT_RORB_ARHGAP15-AM1	161728362	190855357	271883536	3761265156	194094771	1416347399	0.8473870712468395	0.07228512873289171	0.13703895748814093
L4-5IT_RORB_ARHGAP15-AM2	63339841	74008408	108965827	1468628959	75967673	556810328	0.8558465546239017	0.07419561376087505	0.1364336636370725
L4-5IT_RORB_ARHGAP15-AM3	119572538	141274806	179341103	2777189519	126438586	1043622040	0.8463826027126167	0.0645764726436734	0.12115361802822792
L4-5IT_RORB_ARHGAP15-YF1	72113614	85761514	102618961	1712664699	71984520	646063911	0.840862184405933	0.059917718313408176	0.11142012233523442
L4-5IT_RORB_ARHGAP15-YF2	105730443	126134197	150551799	2498897659	106795216	944359557	0.8382377302485226	0.06024728482087869	0.11308745192272142
L4-5IT_RORB_ARHGAP15-YM1	54013939	63599169	87864583	1240065398	61874635	466347990	0.8492868672545076	0.07085479777252844	0.13267910729067364
L4-5IT_RORB_ARHGAP15-YM2	53153617	63235920	78156638	1233863709	55605757	465635935	0.840560507382513	0.06334300735965645	0.11941895549792565
L4-5IT_RORB_ARHGAP15-YM3	77661057	91968723	116230787	1834656584	82652364	693585877	0.844429002238076	0.06335288468351306	0.1191667344172292
L4-5IT_RORB_LRRK1-AF1	685761312	810927705	1150362910	15978187441	816562893	6040153263	0.8456503678092981	0.07199583270929535	0.13518910157495453
L4-5IT_RORB_LRRK1-AF2	851850674	1012878144	1418705415	20208979584	989907969	7609413218	0.8410198986384684	0.07020173428861434	0.13008992160635743
L4-5IT_RORB_LRRK1-AF3	744682698	883181098	1293963947	17368458643	915212992	6554909211	0.8431823322378215	0.07450079328262704	0.13962252756516477
L4-5IT_RORB_LRRK1-AM1	670986237	798600143	1114435791	15769833112	792033992	5938464224	0.8402030013160166	0.07066883860374996	0.13337353937387297
L4-5IT_RORB_LRRK1-AM2	294666323	340809537	583498738	6849177936	403952120	2609989233	0.8646070341628966	0.08519252141677751	0.15477156568024816
L4-5IT_RORB_LRRK1-AM3	335218499	396164630	584838657	7703684923	409420639	2893775327	0.8461595852209219	0.0759167415133912	0.14148321577696554
L4-5IT_RORB_LRRK1-YF1	382772933	455630579	594415311	9188620064	413717071	3467359300	0.8400949160174783	0.06469037862702079	0.11931762335677182
L4-5IT_RORB_LRRK1-YF2	582976410	696602705	930804431	13829100915	658855875	5226169684	0.8368850792791567	0.06730766061518757	0.12606859609191365
L4-5IT_RORB_LRRK1-YM1	241358202	284786449	448910565	5561361756	316074980	2092219705	0.847505921884647	0.08071954041034694	0.15107160077148782
L4-5IT_RORB_LRRK1-YM2	317406404	378222563	547798818	7435839717	388433125	2806255616	0.8392053649110299	0.07367006805534133	0.1384168722141098
L4-5IT_RORB_LRRK1-YM3	351494775	416323682	625794070	8254831854	443444806	3115960600	0.8442824422368556	0.07580942665679644	0.1423139965248598
L4-5IT_RORB_TSHZ2-AF1	568093059	679784748	643523784	13459522597	459340829	5091563646	0.8356955060721662	0.04781178376589935	0.0902160634603604
L4-5IT_RORB_TSHZ2-AF2	622954133	745032751	757363761	14930726336	527644087	5625678907	0.8361432865385537	0.05072517866554781	0.0937920730497888
L4-5IT_RORB_TSHZ2-AF3	775193706	930340594	911813114	18228911323	649123881	6878423981	0.8332364630753712	0.05002016290734468	0.09437101911615936
L4-5IT_RORB_TSHZ2-AM1	219097504	263056839	260817168	5168279644	186523147	1946069610	0.8328903549243971	0.05046498757140394	0.0958460817853273
L4-5IT_RORB_TSHZ2-AM2	361726933	426765464	508526061	8495499515	350545850	3229308739	0.847601231856006	0.059858288509360244	0.10855135830355798
L4-5IT_RORB_TSHZ2-AM3	427951917	511444728	512018539	10067325705	360307748	3785673858	0.8367510574867046	0.05085943914039682	0.09517664794038895
L4-5IT_RORB_TSHZ2-YF1	504340681	610819655	537762554	12224570206	375367979	4614188350	0.8256785400921651	0.043990303539347186	0.08135081416865005
L4-5IT_RORB_TSHZ2-YF2	468293508	567363845	506098383	11268120697	357986599	4261405037	0.8253848251469037	0.04491417838067199	0.08400670574417402
L4-5IT_RORB_TSHZ2-YM1	222309997	266422272	283565019	5237176838	198650866	1972957881	0.8344272246128132	0.05414463321965834	0.10068682555925278
L4-5IT_RORB_TSHZ2-YM2	295876566	357751633	339479757	7022654315	240984034	2650501651	0.827044627354643	0.04834066177440773	0.09092015992862326
L4-5IT_RORB_TSHZ2-YM3	371474307	448344205	428567326	8923751142	303112581	3372276741	0.8285471360112706	0.048025468122136476	0.08988366147854056
L56NP_TLE4_TSHZ2-AF1	93121380	107677940	159445450	2117359985	113336885	799538987	0.8648139071011203	0.07530389311669172	0.14175279360079535
L56NP_TLE4_TSHZ2-AF2	192577954	224027092	325024404	4471125466	227682842	1684139467	0.8596190410756214	0.0726940915596306	0.1351923914030571
L56NP_TLE4_TSHZ2-AF3	195574704	228238088	331096238	4459738099	234311612	1680767761	0.8568889869073912	0.07424118426914826	0.1394074883139075
L56NP_TLE4_TSHZ2-AM1	207839922	241799322	325935905	4750315306	232812583	1786573181	0.8595554374631373	0.06861353068254623	0.13031236865969723
L56NP_TLE4_TSHZ2-AM2	11341482	12938603	20181805	263824645	13918872	101180543	0.8765615576890333	0.0764970421925518	0.13756470945209298
L56NP_TLE4_TSHZ2-AM3	71404555	82550506	132074784	1616463503	92903970	607531900	0.8649802219261987	0.08170601053155978	0.15292031578917914
L56NP_TLE4_TSHZ2-YF1	99128096	114980505	161804897	2321935060	113076178	876162568	0.8621295931862536	0.069685367083436	0.12905844432285768
L56NP_TLE4_TSHZ2-YF2	104059458	120976239	178831642	2390928027	126951022	902825504	0.8601644327858465	0.07479591187208916	0.14061523676229687
L56NP_TLE4_TSHZ2-YM1	35963491	41393610	76333429	803522231	53812486	301880785	0.8688174575737656	0.09499852780053325	0.1782574071416967
L56NP_TLE4_TSHZ2-YM2	71338648	83317320	116831736	1639386404	83173610	619033778	0.8562283088318251	0.0712655269770067	0.1343603741119277
L56NP_TLE4_TSHZ2-YM3	69961942	81035615	118691557	1616854862	84436920	610487099	0.8633480723259767	0.07340891244448632	0.1383107360308035
L6IT_THEMIS_CUX1-AF1	68701550	82929255	81012782	1637618075	57298099	619415043	0.8284356346864565	0.04946988753772762	0.0925035638826098
L6IT_THEMIS_CUX1-AF2	118751096	144178435	135691797	2919274095	94353959	1102209246	0.8236397905137478	0.04648134864499594	0.08560439802371246
L6IT_THEMIS_CUX1-AF3	49491855	59891193	71877051	1176576859	50831025	443876555	0.8263628176516704	0.06108997508338722	0.11451612937745721
L6IT_THEMIS_CUX1-AM1	145078210	174842529	216030910	3468895831	153423163	1307442398	0.8297649938476925	0.062276563069270215	0.11734602092963486
L6IT_THEMIS_CUX1-AM2	22404866	26742280	37023463	534288635	25510506	202988027	0.8378068736098792	0.06929487279848279	0.1256749295858716
L6IT_THEMIS_CUX1-AM3	66962418	81059347	79246788	1593899387	55110826	599948958	0.8260912587909202	0.049718814528912296	0.09185919112805593
L6IT_THEMIS_CUX1-YF1	46578333	56317581	62319115	1128183224	43412985	425962858	0.8270655836585027	0.05523846984627738	0.10191730143758215
L6IT_THEMIS_CUX1-YF2	118809407	143893671	165318674	2866490129	116474480	1083436473	0.8256750013695877	0.057672856545880676	0.10750466954235535
L6IT_THEMIS_CUX1-YM1	20662796	24759914	35298410	483112758	24753895	181786486	0.8345261619244719	0.07306453703712788	0.13617016063559312
L6IT_THEMIS_CUX1-YM2	43099291	52280711	58137821	1027150401	41172400	387640237	0.8243822659565591	0.05660107900790276	0.1062129161787712
L6IT_THEMIS_CUX1-YM3	42098179	50959053	53499508	1009619312	37652787	381351928	0.826117765571507	0.05298978274694492	0.0987350115088444
L6IT_THEMIS_LINC00343-AF1	209610013	252336622	267287745	4998817630	189449930	1891061903	0.830676147356843	0.05347019331049291	0.10018177072863384
L6IT_THEMIS_LINC00343-AF2	349975794	423778302	444251308	8529710115	306407750	3214257922	0.8258464209901903	0.05208281430558323	0.0953276798052798
L6IT_THEMIS_LINC00343-AF3	297467869	360733184	375204030	7118682490	265563152	2687997979	0.8246201962944446	0.052706948304980517	0.0987958897568799
L6IT_THEMIS_LINC00343-AM1	576767973	695722553	734733815	13836252888	523796267	5216370138	0.8290200892768816	0.05310208052334928	0.10041393788072484
L6IT_THEMIS_LINC00343-AM2	51250673	61243173	74226288	1213135843	51176002	460410647	0.8368389567274707	0.06118547104868618	0.1111529508134941
L6IT_THEMIS_LINC00343-AM3	101178836	122342527	127465717	2400222139	88528488	901606843	0.8270128015256706	0.05310580005445071	0.09818968066550045
L6IT_THEMIS_LINC00343-YF1	71179713	85669464	91660783	1777246176	62308651	672798962	0.8308644606437599	0.05157461258760362	0.09261109858846661
L6IT_THEMIS_LINC00343-YF2	284162809	347780028	390245811	6943553621	275322286	2626738916	0.8170762727064936	0.05620260637431319	0.10481524613008018
L6IT_THEMIS_LINC00343-YM1	38556568	46623716	57395911	915920406	40217586	344945501	0.8269732940205796	0.06266473661249557	0.1165911307247344
L6IT_THEMIS_LINC00343-YM2	110041756	134623737	149106574	2661060812	105544704	1005480628	0.8174023277930548	0.05603275705974359	0.10496940573578112
L6IT_THEMIS_LINC00343-YM3	47720604	57735077	60906517	1161300735	42823798	438901248	0.8265443899901614	0.052446808276583066	0.09757046304867194
MGE_PVALB-AF1	402917175	470387862	432017102	9294594775	307088579	3514207886	0.8565637159234352	0.04648046660000839	0.08738486423167739
MGE_PVALB-AF2	332372382	387166739	397227253	7815405922	268566926	2943753144	0.8584734909266056	0.05082618317774435	0.09123282859073865
MGE_PVALB-AF3	521219079	606964140	669335659	11906510689	476118540	4491991343	0.8587312571711403	0.05621593735420532	0.10599275547179077
MGE_PVALB-AM1	360961605	420593211	470789940	8230073065	336259165	3096654931	0.8582202364650151	0.05720361608964646	0.10858787061928535
MGE_PVALB-AM2	179174184	204013516	257120234	4163748751	175076330	1599363232	0.878246635384687	0.061752101141608964	0.109466271636786
MGE_PVALB-AM3	397056387	461858932	495398885	9022716669	350062584	3392542333	0.8596919091303835	0.05490573440060218	0.10318591476217255
MGE_PVALB-YF1	485216394	565554638	595697638	11419876324	415575778	4309484644	0.8579478646234707	0.05216323023990045	0.09643282488048703
MGE_PVALB-YF2	318787831	372140624	390746118	7340710503	278532129	2773957236	0.8566327093598897	0.05323001334003159	0.10040966940126253
MGE_PVALB-YM1	208863113	241225003	292787409	4723353649	206969090	1777196313	0.865843550222694	0.061987187654684126	0.11645820356819522
MGE_PVALB-YM2	324269558	377718323	398436628	7453657124	284511676	2814373231	0.858495705012436	0.05345518600756071	0.1010923756899534
MGE_PVALB-YM3	380385761	441729608	452283586	8812570236	321240597	3328527228	0.8611280613999504	0.051322551070559205	0.09651133218850749
MGE_SST-AF1	500153392	582442733	619624751	11468744374	441188594	4339263854	0.8587168551727814	0.05402725274832253	0.10167360382874749
MGE_SST-AF2	273841539	317568419	352334176	6381296921	238459276	2411798245	0.8623072151264513	0.055213568708974356	0.09887198338184379
MGE_SST-AF3	407314179	474211391	533432764	9286013138	378737876	3503814431	0.858929554899705	0.05744475654649887	0.10809301789761365
MGE_SST-AM1	176886804	205305350	284662490	3990424255	202592419	1502152247	0.8615791259214628	0.07133639728741073	0.13486809969136238
MGE_SST-AM2	57636366	65553875	93304806	1327879648	64304964	508229107	0.8792213427505239	0.07026601103536154	0.12652751114469327
MGE_SST-AM3	239026580	277875459	323757115	5441764237	226055477	2051448542	0.860193198997109	0.05949488086945947	0.11019310129983265
MGE_SST-YF1	765303488	894071381	917283642	17823019926	638724878	6720625231	0.8559758250443317	0.051466229954772034	0.09503950243405561
MGE_SST-YF2	538139865	628204827	663486702	12380017116	470411358	4677155145	0.8566312162386489	0.05359335902229943	0.10057638530611539
MGE_SST-YM1	352943029	408598115	524309396	7957502945	368461221	2993633624	0.8637901547832643	0.06588868387782922	0.12308160158479033
MGE_SST-YM2	663500652	775316136	754848642	15270143824	533760775	5759940757	0.8557807856587677	0.04943297526861591	0.09266775432565443
MGE_SST-YM3	830202427	967318105	990377002	19190476749	699804978	7244567970	0.8582517195829804	0.05160773309353076	0.0965971995704804
MGE_SST_CLMP-AF1	158443043	181923883	276066713	3596142544	196882264	1359679509	0.8709304154419352	0.0767674555783682	0.14480049356984168
MGE_SST_CLMP-AF2	105553378	121577498	196653965	2435091589	136647216	915611967	0.8681983075519452	0.08075834432197203	0.14924140457417154
MGE_SST_CLMP-AF3	93423565	107853539	174395806	2112835073	123584811	796801991	0.8662076911542049	0.08254113547650295	0.15510103186978608
MGE_SST_CLMP-AM1	239071578	275215712	477160517	5397064460	339596153	2029917418	0.8686698018171288	0.08841112062611904	0.1672955510350717
MGE_SST_CLMP-AM2	62408727	71428401	122460690	1396422792	85464491	527607772	0.8737242627060908	0.08769599773189608	0.1619848977508997
MGE_SST_CLMP-AM3	56640644	65304339	108019913	1270389381	75567802	476083604	0.8673335473160521	0.08502897978804815	0.15872800778075105
MGE_SST_CLMP-YF1	73495809	84829240	119016957	1733927235	82470577	653641125	0.8663971173147372	0.06864011049460216	0.1261710346025122
MGE_SST_CLMP-YF2	114345691	132086775	205888298	2616493920	146091779	987647127	0.8656861445818478	0.0786886208396005	0.14791900366657978
MGE_SST_CLMP-YM1	40143717	46088530	78297502	904363659	55186558	340471172	0.8710131783330907	0.08657745279877506	0.1620887832465299
MGE_SST_CLMP-YM2	60671776	70103928	107881194	1379252292	76797328	520140516	0.865454728870542	0.07821715767719746	0.14764727153075688
MGE_SST_CLMP-YM3	51110042	58936555	86453218	1170031026	61428079	441459288	0.8672044370425113	0.07388967991349658	0.13914777799396985
Glia_Astro-AF1	64737329	79244033	27912939	1546451462	18491915	583972173	0.8169363237734253	0.018049670284446342	0.03166574685400292
Glia_Astro-AF2	4500203	5444994	2819530	112230341	1807269	42585493	0.8264844736284375	0.02512270723653954	0.04243860696880978
Glia_Astro-AF3	56187780	68738777	21469932	1357617719	14080410	513943611	0.8174102370194919	0.01581441645871742	0.0273967993737741
Glia_Astro-AM1	41650095	50883760	19671798	990689993	13315911	373640222	0.8185341452754278	0.01985666367783731	0.035638323220994125
Glia_Astro-AM2	551858842	669004322	297607196	13170395208	195382826	4997451848	0.8248957799707608	0.02259667924157861	0.039096489959816814
Glia_Astro-AM3	41973733	51083884	19105942	1007223971	12697569	379811023	0.8216629142764478	0.018968911136051585	0.033431280903082165
Glia_Astro-YF1	24517124	29576086	12853397	591087099	8465119	223225319	0.8289509301535031	0.02174535194854591	0.03792185867589688
Glia_Astro-YF2	64837286	78936424	28066240	1568291056	18252313	592994447	0.8213861575487635	0.017896065843533066	0.030779905431390996
Glia_Astro-YM1	10231946	12327857	5964199	244180441	3914175	92076808	0.8299857793613278	0.024425375658978354	0.042509890221216186
Glia_Astro-YM2	132362254	161210272	66523586	3211300086	43847745	1212277415	0.8210534748058734	0.020715468569884377	0.03616972852703026
Glia_Astro-YM3	51931677	63174434	25271809	1248849673	16810690	471708323	0.8220362844881206	0.02023606967785946	0.03563789142639317
Glia_Oligo-AF1	245953586	305439020	75506063	5957096945	46446154	2250854134	0.8052461208132478	0.012674976368040288	0.020634901790575116
Glia_Oligo-AF2	72840301	88537605	41272628	1857894212	19958362	694224816	0.822704668824055	0.022214735227346735	0.0287491336235955
Glia_Oligo-AF3	68581590	85457951	17652270	1671467368	10627937	631235917	0.8025185392053221	0.010560942042872116	0.016836711463615907
Glia_Oligo-AM1	249642914	308765811	102661226	6039733413	65654919	2281018202	0.8085186413336417	0.016997641945426044	0.028783163125324328
Glia_Oligo-AM2	137858479	167439552	58628755	3339426324	34175855	1275403674	0.8233328228207395	0.01755653495890691	0.02679610831981969
Glia_Oligo-AM3	107637876	132508854	33757719	2588471639	19450213	974286290	0.8123070477992361	0.01304156417685981	0.019963549933562134
Glia_Oligo-YF1	69862675	85088132	26217979	1779391766	12191507	670317592	0.8210625072836245	0.014734236440206164	0.01818765782891761
Glia_Oligo-YF2	136761492	169034140	40607447	3417195189	23483264	1295457558	0.809076154675026	0.011883268222639418	0.0181273897048814
Glia_Oligo-YM1	24779867	31285791	10116074	619979452	5568558	233533393	0.7920486012324253	0.01631678915707032	0.023844804070482544
Glia_Oligo-YM2	128838931	159884861	35650398	3199423751	19757560	1209000319	0.805823204236954	0.011142755938114557	0.016342063512722695
Glia_Oligo-YM3	61173597	77052424	18444968	1537505996	10438056	580743313	0.7939217720132984	0.011996680369368785	0.017973613757305544
L6b_TLE4_NXPH4-AF1	206954369	247664012	325114333	4902835594	228994818	1854786097	0.8356255207559183	0.06631148990552915	0.12346157779076775
L6b_TLE4_NXPH4-AF2	261223682	316803518	386903423	6341485754	265308544	2387297878	0.824560546704535	0.06101147869897115	0.11113340586649656
L6b_TLE4_NXPH4-AF3	145235624	174492336	234897967	3448785829	165201353	1302359839	0.8323323953895603	0.06811033756425239	0.12684770218870361
L6b_TLE4_NXPH4-AM1	410861817	488837718	751840754	9641784116	530338975	3629109782	0.840487143015425	0.07797734785954837	0.14613472913672249
L6b_TLE4_NXPH4-AM2	23617339	27537616	49456948	546781874	34166133	207840658	0.857639201592469	0.09045096472967573	0.16438618569038596
L6b_TLE4_NXPH4-AM3	78896591	94520639	122747679	1848810301	85042426	694747660	0.8347022601063879	0.06639279266975481	0.12240764654032804
L6b_TLE4_NXPH4-YF1	39029280	47420722	60326885	974255210	41167592	368683530	0.8230427195941892	0.06192102888523429	0.11166105521448165
L6b_TLE4_NXPH4-YF2	157120484	191315492	257141206	3835684838	179736634	1450381109	0.8212637793075325	0.06703919035592047	0.12392372796686778
L6b_TLE4_NXPH4-YM1	9467197	11282759	19000952	220857645	13298074	83099122	0.8390852804708494	0.08603257541752743	0.16002664865700988
L6b_TLE4_NXPH4-YM2	38338647	47091251	57800059	926980053	40742140	350322129	0.8141352413848594	0.06235307740758905	0.11629907627102826
L6b_TLE4_NXPH4-YM3	21941310	26149151	38694227	524945910	27316304	198692017	0.8390830738634688	0.07371088385087142	0.1374806316451053
L6CT_TLE4_FAM95C-AF1	109011494	130725817	104566836	2596667519	73946762	983292090	0.8338941496154505	0.04026962837362776	0.07520325115195425
L6CT_TLE4_FAM95C-AF2	226776051	272929713	226592131	5497751155	156316099	2073315326	0.8308954291099848	0.041215421471727194	0.07539427169603627
L6CT_TLE4_FAM95C-AF3	136003765	164103371	133034009	3225721835	94174639	1218254680	0.8287688678863275	0.041241624605241264	0.0773029158402248
L6CT_TLE4_FAM95C-AM1	438246356	526144897	459704742	10417666796	327958490	3926574883	0.8329385279583924	0.04412741845194259	0.08352279015991454
L6CT_TLE4_FAM95C-AM2	35626161	42422089	39062050	832115903	26580797	315527148	0.8398021370423319	0.04694303985679264	0.08424250391284872
L6CT_TLE4_FAM95C-AM3	156388516	188600938	148013330	3691070616	102688629	1388075255	0.829203277875532	0.040100378832741354	0.07397915107996073
L6CT_TLE4_FAM95C-YF1	64732600	77490371	61502196	1604751254	41404437	607957319	0.8353631446673548	0.03832506492623062	0.06810418380702149
L6CT_TLE4_FAM95C-YF2	104536151	126432943	100107187	2534260179	70119741	958506532	0.826811023452962	0.03950154282876415	0.07315520412123806
L6CT_TLE4_FAM95C-YM1	51517621	61846611	54910335	1230350607	37991566	463126979	0.8329902021632196	0.04462982721152102	0.08203272044749524
L6CT_TLE4_FAM95C-YM2	59765607	72403235	58690108	1427257931	41388351	539571653	0.8254549261507446	0.04112088412700507	0.07670594029519931
L6CT_TLE4_FAM95C-YM3	90066110	108269005	89093312	2160549574	62367381	816726466	0.8318734433737522	0.041236411824170434	0.07636263008036279
